name: deep_learning_workshop_linux
channels:
  - conda-forge
  - defaults
dependencies:
  - blas=1.1=openblas
  - bzip2=1.0.6=h470a237_2
  - ca-certificates=2018.10.15=ha4d7672_0
  - cairo=1.14.12=h276e583_5
  - certifi=2018.8.24=py35_1001
  - dbus=1.13.0=h3a4f0e9_0
  - expat=2.2.5=hfc679d8_2
  - ffmpeg=4.0.2=ha0c5888_2
  - fontconfig=2.13.1=h65d0f4c_0
  - freetype=2.9.1=h6debe1e_4
  - gettext=0.19.8.1=h5e8e0c9_1
  - giflib=5.1.4=h470a237_1
  - glib=2.56.2=h464dc38_0
  - gmp=6.1.2=hfc679d8_0
  - gnutls=3.5.19=h2a4e5f8_1
  - graphite2=1.3.12=hfc679d8_1
  - gst-plugins-base=1.12.5=hde13a9d_0
  - gstreamer=1.12.5=h5856ed1_0
  - harfbuzz=1.9.0=h04dbb29_1
  - hdf5=1.10.2=hc401514_2
  - icu=58.2=hfc679d8_0
  - jasper=1.900.1=hff1ad4c_5
  - jpeg=9c=h470a237_1
  - libgfortran=3.0.0=1
  - libiconv=1.15=h470a237_3
  - libpng=1.6.35=ha92aebf_2
  - libtiff=4.0.9=he6b73bb_2
  - libuuid=2.32.1=h470a237_2
  - libwebp=0.5.2=7
  - libxcb=1.13=h470a237_2
  - libxml2=2.9.8=h422b904_5
  - nettle=3.3=0
  - numpy=1.15.2=py35_blas_openblashd3ea46f_0
  - openblas=0.2.20=8
  - opencv=3.4.3=py35_blas_openblash829a850_200
  - openh264=1.8.0=hd28b015_0
  - openssl=1.0.2p=h470a237_1
  - pcre=8.41=hfc679d8_3
  - pixman=0.34.0=h470a237_3
  - pthread-stubs=0.4=h470a237_1
  - qt=5.6.2=hf70d934_9
  - x264=1!152.20180717=h470a237_1
  - xorg-kbproto=1.0.7=h470a237_2
  - xorg-libice=1.0.9=h470a237_4
  - xorg-libsm=1.2.3=h8c8a85c_0
  - xorg-libx11=1.6.6=h470a237_0
  - xorg-libxau=1.0.8=h470a237_6
  - xorg-libxdmcp=1.1.2=h470a237_7
  - xorg-libxext=1.3.3=h470a237_4
  - xorg-libxrender=0.9.10=h470a237_2
  - xorg-renderproto=0.11.1=h470a237_2
  - xorg-xextproto=7.3.0=h470a237_2
  - xorg-xproto=7.0.31=h470a237_7
  - libedit=3.1.20170329=h6b74fdf_2
  - libffi=3.2.1=hd88cf55_4
  - libgcc-ng=8.2.0=hdf63c60_1
  - libstdcxx-ng=8.2.0=hdf63c60_1
  - ncurses=6.1=hf484d3e_0
  - pip=10.0.1=py35_0
  - python=3.5.6=hc3d631a_0
  - readline=7.0=h7b6447c_5
  - setuptools=40.2.0=py35_0
  - sqlite=3.25.2=h7b6447c_0
  - tk=8.6.8=hbc83047_0
  - wheel=0.31.1=py35_0
  - xz=5.2.4=h14c3975_4
  - zlib=1.2.11=ha838bed_2
  - pip:
    - absl-py==0.6.1
    - astor==0.7.1
    - backcall==0.1.0
    - decorator==4.3.0
    - gast==0.2.0
    - grpcio==1.16.0
    - h5py==2.8.0
    - ipython==7.1.1
    - ipython-genutils==0.2.0
    - jedi==0.13.1
    - keras==2.2.4
    - keras-applications==1.0.6
    - keras-preprocessing==1.0.5
    - markdown==3.0.1
    - parso==0.3.1
    - pexpect==4.6.0
    - pickleshare==0.7.5
    - prompt-toolkit==2.0.6
    - protobuf==3.6.1
    - ptyprocess==0.6.0
    - pygments==2.2.0
    - pyyaml==3.13
    - scikit-learn==0.20.0
    - scipy==1.1.0
    - six==1.11.0
    - sklearn==0.0
    - tensorboard==1.11.0
    - tensorflow==1.11.0
    - termcolor==1.1.0
    - tqdm==4.28.1
    - traitlets==4.3.2
    - visual-logging==1.0
    - wcwidth==0.1.7
    - werkzeug==0.14.1
prefix: /home/kuba/anaconda3/envs/deep_learning_workshop_linux

